1 0.26015625 0.21875 0.02109375 0.075
1 0.3984375 0.28046875 0.02421875 0.1046875
1 0.30703125 0.36328125 0.02109375 0.10703125
1 0.54296875 0.21640625 0.01875 0.07578125
1 0.5546875 0.18828125 0.0203125 0.0640625
1 0.92109375 0.35859375 0.0421875 0.0828125
1 0.4859375 0.4109375 0.03203125 0.090625
1 0.421875 0.48515625 0.0390625 0.0984375
1 0.38046875 0.52578125 0.03046875 0.09296875
1 0.4765625 0.5125 0.034375 0.09453125
1 0.48125 0.57578125 0.046875 0.08671875
1 0.659375 0.38984375 0.034375 0.084375
0 0.6484375 0.43828125 0.0125 0.02265625