1 0.28515625 0.21015625 0.021875 0.08828125
1 0.41875 0.27578125 0.0171875 0.096875
1 0.32890625 0.3546875 0.021875 0.10703125
1 0.38984375 0.50703125 0.03203125 0.09921875
1 0.425 0.4796875 0.03125 0.09921875
1 0.48515625 0.4140625 0.03515625 0.090625
1 0.484375 0.525 0.03671875 0.09140625
1 0.47734375 0.58125 0.0484375 0.08125
0 0.6484375 0.45546875 0.0125 0.02265625
1 0.56875 0.2171875 0.01953125 0.078125
1 0.58671875 0.19765625 0.02109375 0.07734375
1 0.6890625 0.40859375 0.03359375 0.096875
1 0.95078125 0.38515625 0.0296875 0.0796875