1 0.2421875 0.22265625 0.0265625 0.07421875
1 0.39140625 0.271875 0.02421875 0.084375
1 0.3203125 0.3546875 0.0265625 0.090625
1 0.30625 0.44609375 0.03984375 0.08828125
1 0.3390625 0.46328125 0.0296875 0.115625
1 0.4015625 0.64921875 0.0546875 0.11640625
1 0.43203125 0.63203125 0.05 0.121875
1 0.5703125 0.2203125 0.02109375 0.07421875
1 0.61328125 0.21171875 0.02109375 0.08203125
1 0.6921875 0.4203125 0.02421875 0.10390625
1 0.915625 0.4046875 0.03515625 0.109375
0 0.41640625 0.6375 0.01640625 0.02890625