1 0.21796875 0.22734375 0.02890625 0.08203125
1 0.353125 0.28515625 0.01875 0.09140625
1 0.2640625 0.38203125 0.0203125 0.09765625
1 0.49375 0.20625 0.0171875 0.07578125
1 0.49765625 0.175 0.015625 0.075
1 0.61171875 0.3765625 0.0265625 0.09609375
1 0.48203125 0.40078125 0.02578125 0.0890625
1 0.41875 0.4796875 0.03515625 0.09296875
1 0.3765625 0.5578125 0.025 0.08984375
1 0.5 0.5734375 0.0453125 0.0828125
1 0.4703125 0.496875 0.0390625 0.09140625
1 0.8703125 0.32421875 0.0359375 0.084375
1 0.95703125 0.36953125 0.046875 0.08125
0 0.609375 0.41328125 0.0109375 0.0234375