1 0.21171875 0.2484375 0.02265625 0.08046875
1 0.10078125 0.546875 0.02421875 0.06875
1 0.1296875 0.58984375 0.0484375 0.11171875
0 0.17734375 0.5625 0.01484375 0.028125
1 0.3515625 0.45234375 0.025 0.11171875
1 0.34375 0.3421875 0.03125 0.090625
1 0.37890625 0.28203125 0.02578125 0.09375
1 0.48203125 0.7015625 0.03046875 0.13046875
1 0.509375 0.640625 0.02890625 0.115625
1 0.5828125 0.22734375 0.0203125 0.0890625
1 0.63671875 0.21328125 0.01796875 0.08125
1 0.70703125 0.421875 0.03125 0.103125
1 0.8515625 0.35390625 0.0296875 0.08984375