1 0.0890625 0.2765625 0.01796875 0.08125
1 0.25234375 0.3015625 0.040625 0.10078125
1 0.19921875 0.428125 0.0265625 0.10234375
1 0.315625 0.171875 0.0171875 0.06953125
1 0.3328125 0.1984375 0.0203125 0.07109375
1 0.45625 0.2625 0.0203125 0.08203125
1 0.55546875 0.2796875 0.02734375 0.075
1 0.540625 0.346875 0.02578125 0.09375
1 0.509375 0.390625 0.0390625 0.09140625
1 0.52265625 0.51015625 0.03828125 0.10234375
1 0.6578125 0.4515625 0.0484375 0.09375
0 0.57734375 0.315625 0.009375 0.02109375
1 0.7171875 0.17421875 0.02890625 0.08359375
1 0.76328125 0.1421875 0.02265625 0.053125
1 0.91328125 0.21875 0.021875 0.0765625
1 0.95390625 0.3109375 0.03046875 0.08828125