1 0.05546875 0.6890625 0.05625 0.14609375
1 0.10546875 0.71015625 0.053125 0.11171875
0 0.109375 0.6734375 0.01796875 0.025
1 0.33984375 0.3390625 0.0171875 0.08828125
1 0.234375 0.2640625 0.03828125 0.07421875
1 0.375 0.29921875 0.02109375 0.0890625
1 0.34609375 0.465625 0.0234375 0.1015625
1 0.53203125 0.6265625 0.03359375 0.10703125
1 0.515625 0.71328125 0.03671875 0.128125
1 0.58125 0.23828125 0.0234375 0.075
1 0.6234375 0.2203125 0.0203125 0.08203125
1 0.70390625 0.4328125 0.0265625 0.10625
1 0.82734375 0.34609375 0.021875 0.0890625
1 0.98828125 0.39765625 0.02265625 0.1