1 0.2828125 0.3046875 0.03125 0.1109375
1 0.12421875 0.26328125 0.01875 0.0796875
1 0.21171875 0.42578125 0.03125 0.10390625
1 0.36875 0.1734375 0.0203125 0.07109375
1 0.38203125 0.2046875 0.01640625 0.075
1 0.4796875 0.31953125 0.02578125 0.084375
1 0.5625 0.32421875 0.0296875 0.084375
1 0.51875 0.403125 0.04140625 0.09453125
1 0.47421875 0.44296875 0.03515625 0.08046875
1 0.46796875 0.56171875 0.0390625 0.1046875
1 0.60703125 0.5265625 0.03984375 0.121875
0 0.5609375 0.3640625 0.0109375 0.0203125
1 0.7671875 0.215625 0.0328125 0.0734375
1 0.83046875 0.2109375 0.03046875 0.0765625
1 0.9859375 0.30546875 0.028125 0.08828125