1 0.23984375 0.2234375 0.0203125 0.08359375
1 0.375 0.28046875 0.02890625 0.1109375
1 0.51796875 0.2109375 0.01875 0.07109375
1 0.52890625 0.18125 0.01640625 0.0796875
1 0.6359375 0.39296875 0.03203125 0.09921875
1 0.9 0.3375 0.03515625 0.090625
1 0.98203125 0.40859375 0.0359375 0.1015625
1 0.4828125 0.409375 0.03671875 0.090625
1 0.2875 0.375 0.03046875 0.096875
1 0.3765625 0.546875 0.034375 0.1046875
1 0.41953125 0.48515625 0.03125 0.0875
1 0.471875 0.51171875 0.034375 0.084375
1 0.4828125 0.57890625 0.04921875 0.084375