1 0.21640625 0.2234375 0.021875 0.071875
1 0.37578125 0.26796875 0.02265625 0.0890625
1 0.56015625 0.20859375 0.02109375 0.0765625
1 0.61953125 0.203125 0.02109375 0.0859375
1 0.68828125 0.40546875 0.0265625 0.10078125
1 0.88671875 0.3765625 0.03125 0.10390625
1 0.44453125 0.64140625 0.0375 0.11796875
1 0.41015625 0.68515625 0.0453125 0.12890625
1 0.3109375 0.34765625 0.0296875 0.096875
1 0.31875 0.42890625 0.0234375 0.08671875
1 0.24375 0.43046875 0.02578125 0.07421875
1 0.2234375 0.44765625 0.028125 0.07578125
0 0.275 0.496875 0.01171875 0.02109375