1 0.2515625 0.2203125 0.021875 0.07734375
1 0.3953125 0.271875 0.0234375 0.090625
1 0.575 0.2265625 0.01640625 0.08125
1 0.6140625 0.21328125 0.0171875 0.0765625
1 0.696875 0.42421875 0.02421875 0.09921875
1 0.92734375 0.40625 0.0328125 0.10078125
1 0.32578125 0.3578125 0.02734375 0.0984375
1 0.321875 0.4578125 0.0234375 0.09375
1 0.353125 0.41328125 0.02578125 0.07734375
1 0.3484375 0.471875 0.02109375 0.09609375
1 0.4078125 0.6390625 0.03671875 0.115625
1 0.4390625 0.6296875 0.04375 0.12421875
0 0.4546875 0.58671875 0.01328125 0.02734375