1 0.05859375 0.3046875 0.0296875 0.09140625
1 0.1953125 0.43125 0.0359375 0.10078125
1 0.2203125 0.31171875 0.02734375 0.10859375
1 0.25546875 0.18203125 0.021875 0.0734375
1 0.27734375 0.20546875 0.0234375 0.065625
1 0.42265625 0.22421875 0.0265625 0.08125
1 0.55 0.23359375 0.02421875 0.07890625
1 0.55234375 0.28046875 0.03203125 0.06875
1 0.5375 0.3453125 0.0203125 0.08984375
1 0.5640625 0.44375 0.0453125 0.09453125
1 0.684375 0.3609375 0.02890625 0.09765625
1 0.6671875 0.13671875 0.02578125 0.05703125
1 0.70390625 0.09453125 0.02578125 0.059375
1 0.8328125 0.153125 0.01796875 0.07109375
1 0.87109375 0.221875 0.02421875 0.0859375
1 0.9234375 0.2921875 0.03203125 0.0859375