0 0.371875 0.61796875 0.01328125 0.03046875
1 0.23046875 0.22109375 0.01953125 0.0765625
1 0.3796875 0.265625 0.02265625 0.09453125
1 0.5625 0.21796875 0.01953125 0.07734375
1 0.6078125 0.20546875 0.02109375 0.078125
1 0.68359375 0.41796875 0.02109375 0.103125
1 0.9078125 0.39921875 0.0328125 0.09765625
1 0.440625 0.6375 0.04375 0.128125
1 0.39296875 0.684375 0.0515625 0.1484375
1 0.31640625 0.35078125 0.0234375 0.09375
1 0.2984375 0.421875 0.0234375 0.08203125
1 0.3296875 0.4609375 0.034375 0.1015625
1 0.27890625 0.4421875 0.03125 0.09375