1 0.22421875 0.22109375 0.02890625 0.0765625
1 0.384375 0.27109375 0.02421875 0.09609375
1 0.57578125 0.21015625 0.0171875 0.0734375
1 0.63828125 0.2015625 0.0234375 0.078125
1 0.703125 0.4078125 0.01875 0.10078125
1 0.8828125 0.36328125 0.03359375 0.0984375
1 0.475 0.6421875 0.0484375 0.13359375
1 0.4515625 0.68828125 0.0421875 0.1296875
1 0.32421875 0.34609375 0.03359375 0.0984375
1 0.33984375 0.4203125 0.02890625 0.0984375
1 0.16953125 0.49375 0.0234375 0.10703125
1 0.1875 0.453125 0.02421875 0.0828125
0 0.2296875 0.4734375 0.0109375 0.01875