1 0.29921875 0.2125 0.02578125 0.08828125
1 0.43203125 0.278125 0.02890625 0.1
0 0.6140625 0.5046875 0.015625 0.0265625
1 0.59453125 0.2296875 0.01875 0.0796875
1 0.61796875 0.21171875 0.0234375 0.078125
1 0.71796875 0.4265625 0.034375 0.09375
1 0.97265625 0.4125 0.03046875 0.09375
1 0.34609375 0.35546875 0.02421875 0.10078125
1 0.4578125 0.42109375 0.03046875 0.09375
1 0.48203125 0.5609375 0.02421875 0.11953125
1 0.4625 0.58671875 0.03046875 0.10078125
1 0.41328125 0.484375 0.03046875 0.10625
1 0.384375 0.48671875 0.028125 0.096875