1 0.2 0.234375 0.0234375 0.084375
1 0.24765625 0.3890625 0.025 0.1015625
1 0.340625 0.284375 0.0203125 0.096875
1 0.378125 0.5734375 0.040625 0.109375
1 0.42890625 0.47578125 0.034375 0.08515625
1 0.478125 0.484375 0.0265625 0.09296875
1 0.50078125 0.584375 0.05234375 0.10546875
1 0.48125 0.39296875 0.02734375 0.09453125
1 0.4703125 0.20859375 0.021875 0.08046875
1 0.47421875 0.16015625 0.02109375 0.0640625
1 0.596875 0.3765625 0.0296875 0.084375
0 0.59296875 0.40390625 0.01484375 0.0203125
1 0.85078125 0.3109375 0.02890625 0.08046875
1 0.9375 0.34609375 0.04453125 0.09140625