1 0.4265625 0.28359375 0.02578125 0.09453125
1 0.290625 0.2171875 0.0171875 0.0734375
1 0.34140625 0.359375 0.0265625 0.09375
1 0.3765625 0.48515625 0.028125 0.1109375
1 0.4015625 0.48359375 0.0265625 0.103125
1 0.4375 0.4265625 0.040625 0.0984375
1 0.471875 0.5703125 0.02578125 0.11015625
1 0.453125 0.58828125 0.034375 0.1078125
1 0.59296875 0.23046875 0.01953125 0.08125
1 0.62265625 0.20546875 0.02734375 0.09140625
0 0.58671875 0.51796875 0.015625 0.03046875
1 0.71953125 0.43828125 0.0359375 0.1
1 0.96640625 0.41796875 0.03203125 0.09921875