1 0.14140625 0.253125 0.02890625 0.08828125
1 0.209375 0.4109375 0.0203125 0.11171875
1 0.28828125 0.29453125 0.0234375 0.1140625
1 0.3921875 0.17578125 0.01796875 0.0875
1 0.4 0.2015625 0.01953125 0.07578125
1 0.48203125 0.34140625 0.01875 0.1140625
1 0.46171875 0.45546875 0.02578125 0.10234375
1 0.4453125 0.571875 0.04375 0.1078125
1 0.50546875 0.425 0.02578125 0.09453125
1 0.559375 0.32578125 0.03828125 0.09140625
1 0.5796875 0.54921875 0.0484375 0.1265625
1 0.784375 0.2359375 0.02890625 0.0890625
1 0.85234375 0.22578125 0.03046875 0.08828125
0 0.5703125 0.37265625 0.01328125 0.02578125