1 0.58359375 0.23828125 0.02109375 0.08671875
1 0.6234375 0.209375 0.02109375 0.08203125
1 0.70234375 0.4296875 0.0265625 0.1046875
1 0.81875 0.3421875 0.03125 0.0859375
1 0.98828125 0.3875 0.021875 0.0890625
1 0.5421875 0.61640625 0.028125 0.0984375
1 0.5328125 0.7 0.03515625 0.11953125
1 0.3546875 0.47421875 0.02734375 0.10546875
1 0.3484375 0.34921875 0.0171875 0.09609375
1 0.37421875 0.29375 0.021875 0.09609375
1 0.2375 0.26015625 0.03359375 0.06953125
1 0.1 0.7609375 0.03515625 0.128125
1 0.0234375 0.734375 0.04609375 0.146875
0 0.121875 0.62421875 0.01328125 0.0234375