1 0.22109375 0.21796875 0.02578125 0.078125
1 0.1734375 0.465625 0.021875 0.07578125
1 0.15703125 0.50859375 0.05 0.10546875
1 0.3328125 0.33125 0.02109375 0.090625
1 0.384375 0.2609375 0.025 0.096875
1 0.3515625 0.42109375 0.0296875 0.096875
1 0.4578125 0.6859375 0.0359375 0.134375
1 0.48828125 0.64375 0.03359375 0.1484375
1 0.58203125 0.21015625 0.01875 0.08046875
1 0.64140625 0.19609375 0.01640625 0.07890625
1 0.709375 0.40546875 0.025 0.103125
1 0.87890625 0.35390625 0.0265625 0.09609375
0 0.22578125 0.48203125 0.009375 0.01875