1 0.18125 0.24296875 0.02734375 0.10234375
1 0.2359375 0.3953125 0.025 0.09921875
1 0.32578125 0.290625 0.025 0.10546875
1 0.44921875 0.16640625 0.02109375 0.05546875
1 0.44921875 0.20859375 0.01953125 0.0796875
1 0.4921875 0.3828125 0.03046875 0.0890625
1 0.43359375 0.46796875 0.0390625 0.09453125
1 0.3953125 0.57578125 0.0328125 0.09765625
1 0.52578125 0.575 0.04375 0.10546875
1 0.83125 0.284375 0.04140625 0.084375
1 0.9140625 0.31484375 0.03828125 0.08203125
0 0.5734375 0.396875 0.009375 0.02265625