1 0.06640625 0.2875 0.0234375 0.06953125
1 0.1953125 0.43046875 0.03828125 0.10546875
1 0.2296875 0.296875 0.02265625 0.096875
1 0.27734375 0.1640625 0.01640625 0.08046875
1 0.29453125 0.19921875 0.01875 0.07578125
1 0.4328125 0.228125 0.02578125 0.09140625
1 0.55234375 0.246875 0.01328125 0.0859375
1 0.54765625 0.3046875 0.01640625 0.0703125
1 0.52578125 0.35703125 0.03203125 0.090625
1 0.553125 0.45625 0.034375 0.1078125
1 0.678125 0.38671875 0.04453125 0.09609375
1 0.68359375 0.14296875 0.02421875 0.065625
1 0.72265625 0.10078125 0.01875 0.0546875
1 0.85859375 0.165625 0.0171875 0.0609375
1 0.9 0.24765625 0.03203125 0.09921875
1 0.953125 0.32109375 0.040625 0.1078125
0 0.5703125 0.28359375 0.01171875 0.0234375