1 0.26796875 0.21484375 0.025 0.08046875
1 0.32890625 0.35078125 0.03125 0.1078125
1 0.3421875 0.4546875 0.025 0.0953125
1 0.36875 0.471875 0.021875 0.11953125
1 0.38203125 0.425 0.0265625 0.09296875
1 0.409375 0.27421875 0.0234375 0.1015625
1 0.5796875 0.22734375 0.0203125 0.075
1 0.6171875 0.2171875 0.01328125 0.078125
1 0.70546875 0.42890625 0.0296875 0.0984375
1 0.94140625 0.41953125 0.0375 0.1078125
1 0.4515625 0.603125 0.040625 0.13203125
1 0.421875 0.6265625 0.0390625 0.128125
0 0.50625 0.546875 0.0125 0.02734375