1 0.2203125 0.21640625 0.0328125 0.0890625
1 0.31015625 0.34765625 0.0203125 0.09296875
1 0.325 0.43125 0.028125 0.10859375
1 0.2265625 0.4296875 0.02578125 0.06875
1 0.20546875 0.4578125 0.0453125 0.0890625
1 0.37578125 0.265625 0.0234375 0.10078125
1 0.421875 0.68046875 0.034375 0.12734375
1 0.459375 0.640625 0.040625 0.1390625
1 0.5625 0.209375 0.0203125 0.07890625
1 0.6265625 0.1984375 0.0234375 0.08828125
1 0.69296875 0.40546875 0.0234375 0.1078125
1 0.88203125 0.3734375 0.02578125 0.09375
0 0.2421875 0.459375 0.0125 0.02890625