1 0.2203125 0.22421875 0.025 0.0734375
1 0.1484375 0.48125 0.02734375 0.06796875
1 0.1453125 0.5375 0.05234375 0.09453125
1 0.3859375 0.26328125 0.0203125 0.11171875
1 0.33671875 0.3265625 0.03125 0.08046875
1 0.35078125 0.43046875 0.0328125 0.1109375
1 0.58515625 0.20234375 0.01875 0.08203125
1 0.6421875 0.190625 0.0203125 0.07890625
1 0.709375 0.3984375 0.0234375 0.10546875
1 0.8671875 0.35390625 0.0296875 0.1
1 0.4953125 0.63984375 0.02890625 0.13984375
1 0.4703125 0.678125 0.02578125 0.1265625
0 0.2125 0.4984375 0.01171875 0.02109375