0 0.30625 0.54296875 0.0109375 0.02109375
1 0.8890625 0.38828125 0.03359375 0.0984375
1 0.68125 0.41015625 0.0234375 0.103125
1 0.6125 0.20625 0.02265625 0.07578125
1 0.56015625 0.2140625 0.02421875 0.07734375
1 0.375 0.26796875 0.02265625 0.09609375
1 0.2171875 0.22578125 0.02734375 0.08203125
1 0.30859375 0.34921875 0.02578125 0.09921875
1 0.3171875 0.43828125 0.01796875 0.08515625
1 0.44296875 0.6421875 0.0375 0.1234375
1 0.396875 0.69453125 0.034375 0.13828125
1 0.26484375 0.42265625 0.03046875 0.08828125
1 0.24140625 0.4453125 0.03828125 0.08203125