0 0.575 0.384375 0.01015625 0.01953125
1 0.15 0.25078125 0.02109375 0.0796875
1 0.221875 0.415625 0.0359375 0.10234375
1 0.30078125 0.28984375 0.01953125 0.10234375
1 0.40859375 0.16015625 0.009375 0.05703125
1 0.4140625 0.2046875 0.021875 0.06953125
1 0.4875 0.35078125 0.021875 0.09140625
1 0.565625 0.34453125 0.03046875 0.078125
1 0.44921875 0.45546875 0.03046875 0.09921875
1 0.4984375 0.44140625 0.03515625 0.09921875
1 0.428125 0.58359375 0.0390625 0.10078125
1 0.565625 0.5515625 0.04609375 0.11875
1 0.7984375 0.25234375 0.02734375 0.08671875
1 0.871875 0.25703125 0.0328125 0.09375