1 0.1140625 0.265625 0.02265625 0.09140625
1 0.271875 0.2984375 0.02890625 0.11015625
1 0.20546875 0.43125 0.03125 0.11484375
1 0.353125 0.171875 0.02265625 0.07890625
1 0.36484375 0.190625 0.01953125 0.0734375
1 0.47421875 0.30703125 0.02109375 0.1
1 0.484375 0.4265625 0.0421875 0.0984375
1 0.484375 0.54765625 0.04375 0.10546875
1 0.528125 0.390625 0.0359375 0.08671875
1 0.5546875 0.30625 0.03203125 0.090625
1 0.62265625 0.50546875 0.05 0.11484375
1 0.753125 0.20625 0.034375 0.084375
1 0.8078125 0.18359375 0.028125 0.07109375
1 0.96875 0.271875 0.02890625 0.0796875
0 0.571875 0.3484375 0.01015625 0.02265625