1 0.21953125 0.25078125 0.03046875 0.08515625
1 0.0859375 0.6171875 0.0375 0.14296875
1 0.1171875 0.62578125 0.0390625 0.1109375
1 0.3765625 0.28828125 0.01875 0.0953125
1 0.34375 0.35234375 0.03046875 0.0875
1 0.3453125 0.46015625 0.02578125 0.10078125
1 0.5828125 0.2359375 0.02421875 0.084375
1 0.63046875 0.2078125 0.01640625 0.08203125
1 0.70625 0.43046875 0.03203125 0.09375
1 0.8390625 0.359375 0.025 0.08515625
1 0.9921875 0.41484375 0.01484375 0.0984375
1 0.51328125 0.64140625 0.02578125 0.11953125
1 0.49375 0.7046875 0.03359375 0.134375
0 0.15234375 0.60234375 0.0140625 0.0203125