0 0.19765625 0.52265625 0.01171875 0.025
1 0.1296875 0.5203125 0.03515625 0.10078125
1 0.13359375 0.5640625 0.0421875 0.11015625
1 0.215625 0.2359375 0.0265625 0.0796875
1 0.3828125 0.2671875 0.02734375 0.096875
1 0.34140625 0.3328125 0.03046875 0.09375
1 0.35078125 0.42578125 0.03046875 0.11796875
1 0.49921875 0.63515625 0.03046875 0.12578125
1 0.478125 0.68046875 0.0390625 0.1234375
1 0.58359375 0.2109375 0.0171875 0.08046875
1 0.64140625 0.1984375 0.01796875 0.0796875
1 0.71015625 0.40859375 0.02578125 0.1
1 0.86015625 0.34921875 0.0234375 0.0984375