0 0.121875 0.65625 0.0109375 0.02890625
1 0.065625 0.6671875 0.04765625 0.12578125
1 0.1 0.68125 0.03125 0.11171875
1 0.2203125 0.25546875 0.03203125 0.07421875
1 0.375 0.2859375 0.02109375 0.1015625
1 0.3453125 0.353125 0.0234375 0.10078125
1 0.34375 0.46953125 0.02109375 0.11015625
1 0.521875 0.63671875 0.02578125 0.1171875
1 0.5015625 0.71484375 0.03125 0.12421875
1 0.58046875 0.23671875 0.01640625 0.0734375
1 0.62734375 0.2203125 0.01953125 0.0734375
1 0.70625 0.43359375 0.02578125 0.096875
1 0.83203125 0.35625 0.025 0.084375
1 0.9890625 0.40859375 0.0125 0.1015625