1 0.896875 0.29453125 0.040625 0.08828125
1 0.81640625 0.2734375 0.03984375 0.0796875
1 0.57578125 0.35859375 0.03359375 0.06640625
0 0.5765625 0.38671875 0.009375 0.01875
1 0.4875 0.3765625 0.034375 0.1046875
1 0.43203125 0.171875 0.025 0.07109375
1 0.434375 0.20703125 0.01953125 0.0609375
1 0.440625 0.4625 0.03515625 0.103125
1 0.490625 0.459375 0.02890625 0.090625
1 0.5375 0.56953125 0.0578125 0.12109375
1 0.40625 0.58671875 0.04453125 0.11875
1 0.31328125 0.2921875 0.03046875 0.10234375
1 0.23203125 0.41328125 0.0375 0.10625
1 0.16484375 0.24765625 0.021875 0.084375