1 0.2953125 0.2140625 0.02578125 0.0796875
1 0.42578125 0.28046875 0.02578125 0.10546875
1 0.3390625 0.3546875 0.0265625 0.09921875
1 0.3921875 0.50078125 0.025 0.096875
1 0.41796875 0.4796875 0.0359375 0.1046875
1 0.4765625 0.41875 0.0328125 0.096875
1 0.48515625 0.52890625 0.02421875 0.08671875
1 0.46875 0.58125 0.0421875 0.09609375
1 0.58046875 0.2234375 0.01953125 0.08046875
1 0.603125 0.2015625 0.02421875 0.08046875
1 0.70234375 0.41796875 0.02734375 0.09375
1 0.9640625 0.4 0.03828125 0.096875
0 0.6359375 0.47265625 0.0109375 0.02734375