1 0.096875 0.2734375 0.02578125 0.09140625
1 0.2046875 0.43359375 0.03359375 0.1140625
1 0.2609375 0.30078125 0.034375 0.1140625
1 0.33203125 0.16953125 0.01875 0.0828125
1 0.34921875 0.19765625 0.0265625 0.0890625
1 0.4640625 0.2765625 0.02421875 0.09921875
1 0.55390625 0.29296875 0.03359375 0.09140625
1 0.53125 0.36640625 0.03359375 0.09296875
1 0.496875 0.409375 0.02734375 0.0859375
1 0.50546875 0.53046875 0.0375 0.1140625
1 0.65 0.47890625 0.040625 0.11953125
1 0.7359375 0.18359375 0.025 0.07109375
1 0.78671875 0.15625 0.03203125 0.071875
1 0.93828125 0.240625 0.02578125 0.078125
1 0.9796875 0.334375 0.02890625 0.09609375
0 0.5796875 0.3328125 0.00859375 0.01796875