0 0.7953125 0.56875 0.01640625 0.03671875
1 0.8609375 0.49453125 0.0640625 0.31953125
1 0.79140625 0.50078125 0.053125 0.23984375
1 0.746875 0.51953125 0.0640625 0.20078125
1 0.68046875 0.5296875 0.02421875 0.115625
1 0.66953125 0.52734375 0.03046875 0.15078125
1 0.6078125 0.521875 0.04453125 0.153125
1 0.98984375 0.54375 0.01953125 0.11171875
1 0.5625 0.54140625 0.025 0.090625
1 0.403125 0.521875 0.05703125 0.1765625
1 0.296875 0.51171875 0.03515625 0.19921875
1 0.25234375 0.534375 0.03046875 0.10078125